29029
28251
28169
27940
27838
26864
26795
26781
26660
26545
26509
26414
26362
26335
26089
26040
26024
25896
25866
25823
25666
25659
25643
25604
25574
25551
25531
25459
25446
25430
25400
25299
25289
25243
25171
25148
25095
24970
24859
24836
24790
24787
24754
24747
24731
24705
24659
24649
24636
24590
24590
24580
24580
24528
24505
24482
24482
24469
24459
24406
24370
24350
24350
24324
24318
24311
24308
24288
24281
24239
24229
24229
24219
24213
24170
24153
24111
24035
24019
23999
23990
23980
23934
23930
23924
23901
23894
23891
23888
23871
23858
23839
23786
23773
23770
23760
23730
23711
23691
23684
23665
23645
23645
23642
23638
23635
23629
23622